Inference for Stan model: anon_model_a827979eced156b677580e4695b83866.
8 chains, each with iter=11000; warmup=1000; thin=1; 
post-warmup draws per chain=10000, total post-warmup draws=80000.

                             mean se_mean     sd   2.5%    25%    50%    75%  97.5%  n_eff   Rhat
pdeck[0]                     0.14  8.8e-5   0.02   0.09   0.12   0.13   0.15   0.19  80000    1.0
pdeck[1]                      0.1  7.7e-5   0.02   0.06   0.08    0.1   0.11   0.15  80000    1.0
pdeck[2]                     0.08  6.9e-5   0.02   0.04   0.06   0.08   0.09   0.12  80000    1.0
pdeck[3]                     0.07  6.6e-5   0.02   0.04   0.06   0.07   0.08   0.11  80000    1.0
pdeck[4]                     0.06  6.2e-5   0.02   0.03   0.05   0.06   0.07    0.1  80000    1.0
pdeck[5]                     0.06  5.9e-5   0.02   0.03   0.04   0.06   0.07   0.09  80000    1.0
pdeck[6]                     0.05  5.6e-5   0.02   0.03   0.04   0.05   0.06   0.09  80000    1.0
pdeck[7]                     0.05  5.7e-5   0.02   0.03   0.04   0.05   0.06   0.09  80000    1.0
pdeck[8]                     0.04  5.1e-5   0.01   0.02   0.03   0.04   0.05   0.07  80000    1.0
pdeck[9]                     0.04  5.1e-5   0.01   0.02   0.03   0.04   0.05   0.07  80000    1.0
pdeck[10]                    0.04  4.7e-5   0.01   0.01   0.03   0.03   0.04   0.07  80000    1.0
pdeck[11]                    0.03  4.4e-5   0.01   0.01   0.02   0.03   0.04   0.06  80000    1.0
pdeck[12]                    0.03  4.4e-5   0.01   0.01   0.02   0.03   0.04   0.06  80000    1.0
pdeck[13]                    0.03  4.4e-5   0.01   0.01   0.02   0.03   0.04   0.06  80000    1.0
pdeck[14]                    0.18  9.8e-5   0.03   0.13   0.16   0.18   0.19   0.23  80000    1.0
matchups[0]                   0.5  3.6e-4    0.1    0.3   0.43    0.5   0.57    0.7  80000    1.0
matchups[1]                   0.5  3.6e-4    0.1    0.3   0.43    0.5   0.57    0.7  80000    1.0
matchups[2]                   0.5  3.6e-4    0.1    0.3   0.43    0.5   0.57    0.7  80000    1.0
matchups[3]                   0.5  3.7e-4    0.1    0.3   0.43    0.5   0.57    0.7  80000    1.0
matchups[4]                   0.5  3.7e-4    0.1    0.3   0.43    0.5   0.57    0.7  80000    1.0
matchups[5]                   0.5  3.7e-4    0.1    0.3   0.43    0.5   0.57    0.7  80000    1.0
matchups[6]                   0.5  3.6e-4    0.1    0.3   0.43    0.5   0.57    0.7  80000    1.0
matchups[7]                   0.5  3.7e-4    0.1    0.3   0.43    0.5   0.57    0.7  80000    1.0
matchups[8]                   0.5  3.7e-4    0.1    0.3   0.43    0.5   0.57    0.7  80000    1.0
matchups[9]                   0.5  3.7e-4    0.1    0.3   0.43    0.5   0.57    0.7  80000    1.0
matchups[10]                 0.49  3.7e-4    0.1   0.29   0.42   0.49   0.56   0.69  80000    1.0
matchups[11]                 0.49  3.7e-4    0.1   0.29   0.42   0.49   0.56   0.69  80000    1.0
matchups[12]                 0.49  3.7e-4    0.1   0.29   0.42   0.49   0.56    0.7  80000    1.0
matchups[13]                 0.49  3.7e-4    0.1   0.29   0.42   0.49   0.57    0.7  80000    1.0
matchups[14]                  0.5  3.7e-4    0.1    0.3   0.42   0.49   0.57    0.7  80000    1.0
matchups[15]                 0.48  3.6e-4    0.1   0.29   0.41   0.48   0.55   0.68  80000    1.0
matchups[16]                 0.49  3.7e-4    0.1   0.29   0.41   0.49   0.56   0.69  80000    1.0
matchups[17]                 0.49  3.7e-4    0.1   0.29   0.42   0.49   0.56   0.69  80000    1.0
matchups[18]                 0.49  3.7e-4    0.1   0.29   0.42   0.49   0.56   0.69  80000    1.0
matchups[19]                 0.49  3.7e-4    0.1   0.29   0.42   0.49   0.56   0.69  80000    1.0
matchups[20]                  0.5  3.7e-4    0.1    0.3   0.42    0.5   0.57    0.7  80000    1.0
matchups[21]                 0.52  3.7e-4    0.1   0.31   0.45   0.52   0.59   0.72  80000    1.0
matchups[22]                 0.51  3.7e-4    0.1   0.31   0.44   0.51   0.58   0.71  80000    1.0
matchups[23]                 0.51  3.7e-4    0.1   0.31   0.44   0.51   0.58   0.71  80000    1.0
matchups[24]                 0.51  3.6e-4    0.1   0.31   0.44   0.51   0.58   0.71  80000    1.0
matchups[25]                 0.51  3.7e-4    0.1    0.3   0.44   0.51   0.58   0.71  80000    1.0
matchups[26]                 0.51  3.7e-4    0.1   0.31   0.44   0.51   0.58   0.71  80000    1.0
matchups[27]                 0.51  3.7e-4    0.1   0.31   0.44   0.51   0.59   0.71  80000    1.0
matchups[28]                 0.51  3.7e-4    0.1   0.31   0.44   0.51   0.58   0.71  80000    1.0
matchups[29]                 0.51  3.7e-4    0.1    0.3   0.43   0.51   0.58   0.71  80000    1.0
matchups[30]                  0.5  3.7e-4    0.1    0.3   0.43    0.5   0.58   0.71  80000    1.0
matchups[31]                  0.5  3.7e-4    0.1    0.3   0.43    0.5   0.58    0.7  80000    1.0
matchups[32]                  0.5  3.7e-4    0.1    0.3   0.43    0.5   0.58   0.71  80000    1.0
matchups[33]                 0.51  3.7e-4    0.1    0.3   0.43   0.51   0.58   0.71  80000    1.0
matchups[34]                 0.51  3.7e-4    0.1    0.3   0.44   0.51   0.58   0.71  80000    1.0
matchups[35]                  0.5  3.7e-4    0.1   0.29   0.42    0.5   0.57    0.7  80000    1.0
matchups[36]                 0.49  3.7e-4    0.1   0.29   0.42   0.49   0.57    0.7  80000    1.0
matchups[37]                 0.49  3.7e-4    0.1   0.29   0.42   0.49   0.57    0.7  80000    1.0
matchups[38]                  0.5  3.7e-4    0.1   0.29   0.42    0.5   0.57    0.7  80000    1.0
matchups[39]                  0.5  3.7e-4    0.1   0.29   0.42    0.5   0.57    0.7  80000    1.0
matchups[40]                  0.5  3.7e-4    0.1    0.3   0.43    0.5   0.57    0.7  80000    1.0
matchups[41]                  0.5  3.7e-4    0.1    0.3   0.43    0.5   0.57    0.7  80000    1.0
matchups[42]                  0.5  3.7e-4    0.1    0.3   0.43    0.5   0.58    0.7  80000    1.0
matchups[43]                 0.49  3.7e-4    0.1   0.29   0.42   0.49   0.56   0.69  80000    1.0
matchups[44]                  0.5  3.7e-4    0.1   0.29   0.42    0.5   0.57    0.7  80000    1.0
matchups[45]                 0.49  3.7e-4    0.1   0.29   0.42   0.49   0.56   0.69  80000    1.0
matchups[46]                 0.49  3.7e-4    0.1   0.29   0.42   0.49   0.56   0.69  80000    1.0
matchups[47]                 0.49  3.7e-4    0.1    0.3   0.42   0.49   0.57    0.7  80000    1.0
matchups[48]                 0.49  3.7e-4    0.1   0.29   0.42   0.49   0.57    0.7  80000    1.0
matchups[49]                  0.5  3.7e-4    0.1    0.3   0.42    0.5   0.57    0.7  80000    1.0
matchups[50]                  0.5  3.7e-4    0.1    0.3   0.43    0.5   0.57    0.7  80000    1.0
matchups[51]                  0.5  3.7e-4    0.1    0.3   0.43    0.5   0.57    0.7  80000    1.0
matchups[52]                 0.49  3.7e-4    0.1   0.29   0.42   0.49   0.56   0.69  80000    1.0
matchups[53]                 0.49  3.7e-4    0.1   0.29   0.42   0.49   0.57    0.7  80000    1.0
matchups[54]                  0.5  3.7e-4    0.1    0.3   0.43    0.5   0.57    0.7  80000    1.0
matchups[55]                 0.51  3.7e-4    0.1   0.31   0.43   0.51   0.58   0.71  80000    1.0
matchups[56]                  0.5  3.7e-4    0.1    0.3   0.43    0.5   0.58   0.71  80000    1.0
matchups[57]                  0.5  3.7e-4    0.1    0.3   0.43    0.5   0.58   0.71  80000    1.0
matchups[58]                  0.5  3.7e-4    0.1    0.3   0.43    0.5   0.58    0.7  80000    1.0
matchups[59]                  0.5  3.7e-4    0.1    0.3   0.43    0.5   0.58    0.7  80000    1.0
matchups[60]                  0.5  3.7e-4    0.1    0.3   0.43    0.5   0.58   0.71  80000    1.0
matchups[61]                 0.51  3.7e-4    0.1    0.3   0.43   0.51   0.58   0.71  80000    1.0
matchups[62]                  0.5  3.7e-4    0.1    0.3   0.43    0.5   0.57    0.7  80000    1.0
matchups[63]                  0.5  3.7e-4    0.1    0.3   0.43    0.5   0.57    0.7  80000    1.0
matchups[64]                  0.5  3.7e-4    0.1    0.3   0.43    0.5   0.58   0.71  80000    1.0
matchups[65]                  0.5  3.7e-4    0.1    0.3   0.43    0.5   0.58    0.7  80000    1.0
matchups[66]                 0.51  3.7e-4    0.1    0.3   0.43   0.51   0.58   0.71  80000    1.0
matchups[67]                  0.5  3.7e-4    0.1    0.3   0.43    0.5   0.57   0.71  80000    1.0
matchups[68]                  0.5  3.7e-4    0.1    0.3   0.43    0.5   0.58    0.7  80000    1.0
matchups[69]                  0.5  3.7e-4    0.1    0.3   0.43    0.5   0.57    0.7  80000    1.0
matchups[70]                  0.5  3.7e-4   0.11    0.3   0.43    0.5   0.58   0.71  80000    1.0
matchups[71]                  0.5  3.7e-4    0.1    0.3   0.43    0.5   0.58   0.71  80000    1.0
matchups[72]                 0.51  3.7e-4    0.1    0.3   0.43   0.51   0.58   0.71  80000    1.0
matchups[73]                  0.5  3.7e-4    0.1    0.3   0.43    0.5   0.57    0.7  80000    1.0
matchups[74]                  0.5  3.7e-4    0.1    0.3   0.43    0.5   0.57    0.7  80000    1.0
matchups[75]                  0.5  3.7e-4    0.1    0.3   0.43    0.5   0.58    0.7  80000    1.0
matchups[76]                  0.5  3.7e-4    0.1    0.3   0.43    0.5   0.57    0.7  80000    1.0
matchups[77]                  0.5  3.7e-4    0.1    0.3   0.43    0.5   0.57    0.7  80000    1.0
matchups[78]                 0.49  3.7e-4    0.1   0.29   0.42   0.49   0.57    0.7  80000    1.0
matchups[79]                  0.5  3.7e-4    0.1   0.29   0.42    0.5   0.57    0.7  80000    1.0
matchups[80]                  0.5  3.7e-4    0.1   0.29   0.42    0.5   0.57    0.7  80000    1.0
matchups[81]                  0.5  3.7e-4    0.1   0.29   0.42    0.5   0.57    0.7  80000    1.0
matchups[82]                  0.5  3.7e-4    0.1    0.3   0.43    0.5   0.57    0.7  80000    1.0
matchups[83]                  0.5  3.7e-4    0.1    0.3   0.43    0.5   0.57    0.7  80000    1.0
matchups[84]                  0.5  3.7e-4    0.1    0.3   0.43    0.5   0.57    0.7  80000    1.0
matchups[85]                 0.49  3.7e-4    0.1   0.29   0.42   0.49   0.57    0.7  80000    1.0
matchups[86]                  0.5  3.7e-4    0.1    0.3   0.42    0.5   0.57    0.7  80000    1.0
matchups[87]                  0.5  3.7e-4    0.1    0.3   0.43    0.5   0.57    0.7  80000    1.0
matchups[88]                  0.5  3.7e-4    0.1    0.3   0.43    0.5   0.57    0.7  80000    1.0
matchups[89]                  0.5  3.7e-4    0.1    0.3   0.43    0.5   0.57    0.7  80000    1.0
matchups[90]                  0.5  3.7e-4    0.1    0.3   0.43    0.5   0.57    0.7  80000    1.0
matchups[91]                 0.49  3.6e-4    0.1    0.3   0.43   0.49   0.56   0.69  80000    1.0
matchups[92]                 0.49  3.6e-4    0.1    0.3   0.42   0.49   0.56   0.69  80000    1.0
matchups[93]                 0.49  3.6e-4    0.1   0.29   0.42   0.49   0.56   0.69  80000    1.0
matchups[94]                 0.49  3.6e-4    0.1   0.29   0.42   0.49   0.57    0.7  80000    1.0
matchups[95]                  0.5  3.6e-4    0.1    0.3   0.43    0.5   0.57    0.7  80000    1.0
matchups[96]                 0.51  3.6e-4    0.1   0.31   0.44   0.51   0.58   0.71  80000    1.0
matchups[97]                 0.52  3.6e-4    0.1   0.32   0.45   0.52   0.59   0.72  80000    1.0
matchups[98]                 0.47  3.6e-4    0.1   0.28    0.4   0.47   0.54   0.68  80000    1.0
matchups[99]                 0.49  3.7e-4    0.1   0.29   0.41   0.49   0.56   0.69  80000    1.0
matchups[100]                0.51  3.7e-4    0.1    0.3   0.44   0.51   0.58   0.71  80000    1.0
matchups[101]                0.51  3.6e-4    0.1   0.31   0.44   0.51   0.58   0.71  80000    1.0
matchups[102]                0.49  3.7e-4    0.1   0.29   0.42   0.49   0.56   0.69  80000    1.0
matchups[103]                0.49  3.6e-4    0.1   0.29   0.42   0.49   0.56   0.69  80000    1.0
matchups[104]                 0.5  3.7e-4    0.1    0.3   0.43   0.51   0.58   0.71  80000    1.0
wait_time                    0.92  5.8e-4   0.16   0.66   0.81    0.9   1.02    1.3  80000    1.0
pdeck_score[0,0]             0.14  9.6e-5   0.03   0.09   0.12   0.13   0.15   0.19  80000    1.0
pdeck_score[1,0]             0.14  9.5e-5   0.03   0.09   0.12   0.13   0.15   0.19  80000    1.0
pdeck_score[2,0]             0.14  9.3e-5   0.03   0.09   0.12   0.13   0.15   0.19  80000    1.0
pdeck_score[3,0]             0.14  9.0e-5   0.03   0.09   0.12   0.13   0.15   0.19  80000    1.0
pdeck_score[4,0]             0.14  8.8e-5   0.02   0.09   0.12   0.13   0.15   0.19  80000    1.0
pdeck_score[5,0]             0.14  8.7e-5   0.02   0.09   0.12   0.13   0.15   0.19  80000    1.0
pdeck_score[6,0]             0.14  8.8e-5   0.02   0.09   0.12   0.13   0.15   0.19  80000    1.0
pdeck_score[7,0]             0.14  8.9e-5   0.03   0.09   0.12   0.13   0.15   0.19  80000    1.0
pdeck_score[8,0]             0.14  9.0e-5   0.03   0.09   0.12   0.13   0.15   0.19  80000    1.0
pdeck_score[0,1]              0.1  8.4e-5   0.02   0.06   0.08    0.1   0.11   0.15  80000    1.0
pdeck_score[1,1]              0.1  8.3e-5   0.02   0.06   0.08    0.1   0.11   0.15  80000    1.0
pdeck_score[2,1]              0.1  8.2e-5   0.02   0.06   0.08    0.1   0.11   0.15  80000    1.0
pdeck_score[3,1]              0.1  7.9e-5   0.02   0.06   0.08    0.1   0.11   0.15  80000    1.0
pdeck_score[4,1]              0.1  7.7e-5   0.02   0.06   0.08    0.1   0.11   0.15  80000    1.0
pdeck_score[5,1]              0.1  7.6e-5   0.02   0.06   0.08    0.1   0.11   0.15  80000    1.0
pdeck_score[6,1]              0.1  7.7e-5   0.02   0.06   0.08    0.1   0.11   0.15  80000    1.0
pdeck_score[7,1]              0.1  7.7e-5   0.02   0.06   0.08    0.1   0.11   0.15  80000    1.0
pdeck_score[8,1]              0.1  7.8e-5   0.02   0.06   0.08    0.1   0.11   0.15  80000    1.0
pdeck_score[0,2]             0.08  7.4e-5   0.02   0.04   0.06   0.08   0.09   0.12  80000    1.0
pdeck_score[1,2]             0.08  7.3e-5   0.02   0.04   0.06   0.08   0.09   0.12  80000    1.0
pdeck_score[2,2]             0.08  7.2e-5   0.02   0.04   0.06   0.08   0.09   0.12  80000    1.0
pdeck_score[3,2]             0.08  7.0e-5   0.02   0.04   0.06   0.08   0.09   0.12  80000    1.0
pdeck_score[4,2]             0.08  6.9e-5   0.02   0.04   0.06   0.08   0.09   0.12  80000    1.0
pdeck_score[5,2]             0.08  6.8e-5   0.02   0.04   0.06   0.08   0.09   0.12  80000    1.0
pdeck_score[6,2]             0.08  6.9e-5   0.02   0.04   0.06   0.08   0.09   0.12  80000    1.0
pdeck_score[7,2]             0.08  6.9e-5   0.02   0.04   0.06   0.08   0.09   0.12  80000    1.0
pdeck_score[8,2]             0.08  6.9e-5   0.02   0.04   0.06   0.08   0.09   0.12  80000    1.0
pdeck_score[0,3]             0.07  7.1e-5   0.02   0.04   0.06   0.07   0.09   0.12  80000    1.0
pdeck_score[1,3]             0.07  7.0e-5   0.02   0.04   0.06   0.07   0.09   0.12  80000    1.0
pdeck_score[2,3]             0.07  6.9e-5   0.02   0.04   0.06   0.07   0.09   0.12  80000    1.0
pdeck_score[3,3]             0.07  6.8e-5   0.02   0.04   0.06   0.07   0.08   0.12  80000    1.0
pdeck_score[4,3]             0.07  6.6e-5   0.02   0.04   0.06   0.07   0.08   0.11  80000    1.0
pdeck_score[5,3]             0.07  6.6e-5   0.02   0.04   0.06   0.07   0.08   0.11  80000    1.0
pdeck_score[6,3]             0.07  6.6e-5   0.02   0.04   0.06   0.07   0.08   0.11  80000    1.0
pdeck_score[7,3]             0.07  6.7e-5   0.02   0.04   0.06   0.07   0.08   0.11  80000    1.0
pdeck_score[8,3]             0.07  6.7e-5   0.02   0.04   0.06   0.07   0.08   0.11  80000    1.0
pdeck_score[0,4]             0.06  6.6e-5   0.02   0.03   0.05   0.06   0.07    0.1  80000    1.0
pdeck_score[1,4]             0.06  6.5e-5   0.02   0.03   0.05   0.06   0.07    0.1  80000    1.0
pdeck_score[2,4]             0.06  6.4e-5   0.02   0.03   0.05   0.06   0.07    0.1  80000    1.0
pdeck_score[3,4]             0.06  6.3e-5   0.02   0.03   0.05   0.06   0.07    0.1  80000    1.0
pdeck_score[4,4]             0.06  6.2e-5   0.02   0.03   0.05   0.06   0.07    0.1  80000    1.0
pdeck_score[5,4]             0.06  6.2e-5   0.02   0.03   0.05   0.06   0.07    0.1  80000    1.0
pdeck_score[6,4]             0.06  6.2e-5   0.02   0.03   0.05   0.06   0.07    0.1  80000    1.0
pdeck_score[7,4]             0.06  6.2e-5   0.02   0.03   0.05   0.06   0.07    0.1  80000    1.0
pdeck_score[8,4]             0.06  6.3e-5   0.02   0.03   0.05   0.06   0.07    0.1  80000    1.0
pdeck_score[0,5]             0.06  6.1e-5   0.02   0.03   0.04   0.05   0.07   0.09  80000    1.0
pdeck_score[1,5]             0.06  6.1e-5   0.02   0.03   0.04   0.05   0.07   0.09  80000    1.0
pdeck_score[2,5]             0.06  6.0e-5   0.02   0.03   0.04   0.05   0.07   0.09  80000    1.0
pdeck_score[3,5]             0.06  5.9e-5   0.02   0.03   0.04   0.05   0.07   0.09  80000    1.0
pdeck_score[4,5]             0.06  5.9e-5   0.02   0.03   0.04   0.06   0.07   0.09  80000    1.0
pdeck_score[5,5]             0.06  5.9e-5   0.02   0.03   0.05   0.06   0.07   0.09  80000    1.0
pdeck_score[6,5]             0.06  6.0e-5   0.02   0.03   0.05   0.06   0.07   0.09  80000    1.0
pdeck_score[7,5]             0.06  6.0e-5   0.02   0.03   0.05   0.06   0.07    0.1  80000    1.0
pdeck_score[8,5]             0.06  6.0e-5   0.02   0.03   0.05   0.06   0.07    0.1  80000    1.0
pdeck_score[0,6]             0.05  5.8e-5   0.02   0.02   0.04   0.05   0.06   0.09  80000    1.0
pdeck_score[1,6]             0.05  5.7e-5   0.02   0.02   0.04   0.05   0.06   0.09  80000    1.0
pdeck_score[2,6]             0.05  5.7e-5   0.02   0.02   0.04   0.05   0.06   0.09  80000    1.0
pdeck_score[3,6]             0.05  5.7e-5   0.02   0.02   0.04   0.05   0.06   0.09  80000    1.0
pdeck_score[4,6]             0.05  5.6e-5   0.02   0.03   0.04   0.05   0.06   0.09  80000    1.0
pdeck_score[5,6]             0.05  5.7e-5   0.02   0.03   0.04   0.05   0.06   0.09  80000    1.0
pdeck_score[6,6]             0.05  5.7e-5   0.02   0.03   0.04   0.05   0.06   0.09  80000    1.0
pdeck_score[7,6]             0.05  5.8e-5   0.02   0.03   0.04   0.05   0.06   0.09  80000    1.0
pdeck_score[8,6]             0.05  5.8e-5   0.02   0.03   0.04   0.05   0.06   0.09  80000    1.0
pdeck_score[0,7]             0.05  6.2e-5   0.02   0.03   0.04   0.05   0.06   0.09  80000    1.0
pdeck_score[1,7]             0.05  6.1e-5   0.02   0.03   0.04   0.05   0.06   0.09  80000    1.0
pdeck_score[2,7]             0.05  6.0e-5   0.02   0.03   0.04   0.05   0.06   0.09  80000    1.0
pdeck_score[3,7]             0.05  5.9e-5   0.02   0.03   0.04   0.05   0.06   0.09  80000    1.0
pdeck_score[4,7]             0.05  5.7e-5   0.02   0.03   0.04   0.05   0.06   0.09  80000    1.0
pdeck_score[5,7]             0.05  5.7e-5   0.02   0.03   0.04   0.05   0.06   0.09  80000    1.0
pdeck_score[6,7]             0.05  5.6e-5   0.02   0.02   0.04   0.05   0.06   0.09  80000    1.0
pdeck_score[7,7]             0.05  5.6e-5   0.02   0.02   0.04   0.05   0.06   0.09  80000    1.0
pdeck_score[8,7]             0.05  5.6e-5   0.02   0.02   0.04   0.05   0.06   0.09  80000    1.0
pdeck_score[0,8]             0.04  5.4e-5   0.02   0.02   0.03   0.04   0.05   0.08  80000    1.0
pdeck_score[1,8]             0.04  5.4e-5   0.02   0.02   0.03   0.04   0.05   0.08  80000    1.0
pdeck_score[2,8]             0.04  5.3e-5   0.02   0.02   0.03   0.04   0.05   0.08  80000    1.0
pdeck_score[3,8]             0.04  5.2e-5   0.01   0.02   0.03   0.04   0.05   0.08  80000    1.0
pdeck_score[4,8]             0.04  5.1e-5   0.01   0.02   0.03   0.04   0.05   0.07  80000    1.0
pdeck_score[5,8]             0.04  5.1e-5   0.01   0.02   0.03   0.04   0.05   0.07  80000    1.0
pdeck_score[6,8]             0.04  5.1e-5   0.01   0.02   0.03   0.04   0.05   0.07  80000    1.0
pdeck_score[7,8]             0.04  5.1e-5   0.01   0.02   0.03   0.04   0.05   0.07  80000    1.0
pdeck_score[8,8]             0.04  5.1e-5   0.01   0.02   0.03   0.04   0.05   0.07  80000    1.0
pdeck_score[0,9]             0.04  5.2e-5   0.01   0.02   0.03   0.04   0.05   0.08  80000    1.0
pdeck_score[1,9]             0.04  5.2e-5   0.01   0.02   0.03   0.04   0.05   0.07  80000    1.0
pdeck_score[2,9]             0.04  5.2e-5   0.01   0.02   0.03   0.04   0.05   0.07  80000    1.0
pdeck_score[3,9]             0.04  5.1e-5   0.01   0.02   0.03   0.04   0.05   0.07  80000    1.0
pdeck_score[4,9]             0.04  5.1e-5   0.01   0.02   0.03   0.04   0.05   0.07  80000    1.0
pdeck_score[5,9]             0.04  5.1e-5   0.01   0.02   0.03   0.04   0.05   0.07  80000    1.0
pdeck_score[6,9]             0.04  5.1e-5   0.01   0.02   0.03   0.04   0.05   0.07  80000    1.0
pdeck_score[7,9]             0.04  5.2e-5   0.01   0.02   0.03   0.04   0.05   0.07  80000    1.0
pdeck_score[8,9]             0.04  5.2e-5   0.01   0.02   0.03   0.04   0.05   0.07  80000    1.0
pdeck_score[0,10]            0.04  4.8e-5   0.01   0.01   0.03   0.03   0.04   0.07  80000    1.0
pdeck_score[1,10]            0.04  4.8e-5   0.01   0.01   0.03   0.03   0.04   0.07  80000    1.0
pdeck_score[2,10]            0.04  4.8e-5   0.01   0.01   0.03   0.03   0.04   0.07  80000    1.0
pdeck_score[3,10]            0.04  4.8e-5   0.01   0.01   0.03   0.03   0.04   0.07  80000    1.0
pdeck_score[4,10]            0.04  4.7e-5   0.01   0.01   0.03   0.03   0.04   0.07  80000    1.0
pdeck_score[5,10]            0.04  4.8e-5   0.01   0.02   0.03   0.03   0.04   0.07  80000    1.0
pdeck_score[6,10]            0.04  4.8e-5   0.01   0.02   0.03   0.04   0.04   0.07  80000    1.0
pdeck_score[7,10]            0.04  4.8e-5   0.01   0.02   0.03   0.04   0.04   0.07  80000    1.0
pdeck_score[8,10]            0.04  4.8e-5   0.01   0.02   0.03   0.04   0.04   0.07  80000    1.0
pdeck_score[0,11]            0.03  4.6e-5   0.01   0.01   0.02   0.03   0.04   0.06  80000    1.0
pdeck_score[1,11]            0.03  4.6e-5   0.01   0.01   0.02   0.03   0.04   0.06  80000    1.0
pdeck_score[2,11]            0.03  4.6e-5   0.01   0.01   0.02   0.03   0.04   0.06  80000    1.0
pdeck_score[3,11]            0.03  4.5e-5   0.01   0.01   0.02   0.03   0.04   0.06  80000    1.0
pdeck_score[4,11]            0.03  4.4e-5   0.01   0.01   0.02   0.03   0.04   0.06  80000    1.0
pdeck_score[5,11]            0.03  4.4e-5   0.01   0.01   0.02   0.03   0.04   0.06  80000    1.0
pdeck_score[6,11]            0.03  4.4e-5   0.01   0.01   0.02   0.03   0.04   0.06  80000    1.0
pdeck_score[7,11]            0.03  4.4e-5   0.01   0.01   0.02   0.03   0.04   0.06  80000    1.0
pdeck_score[8,11]            0.03  4.4e-5   0.01   0.01   0.02   0.03   0.04   0.06  80000    1.0
pdeck_score[0,12]            0.03  4.6e-5   0.01   0.01   0.02   0.03   0.04   0.06  80000    1.0
pdeck_score[1,12]            0.03  4.6e-5   0.01   0.01   0.02   0.03   0.04   0.06  80000    1.0
pdeck_score[2,12]            0.03  4.5e-5   0.01   0.01   0.02   0.03   0.04   0.06  80000    1.0
pdeck_score[3,12]            0.03  4.5e-5   0.01   0.01   0.02   0.03   0.04   0.06  80000    1.0
pdeck_score[4,12]            0.03  4.4e-5   0.01   0.01   0.02   0.03   0.04   0.06  80000    1.0
pdeck_score[5,12]            0.03  4.4e-5   0.01   0.01   0.02   0.03   0.04   0.06  80000    1.0
pdeck_score[6,12]            0.03  4.4e-5   0.01   0.01   0.02   0.03   0.04   0.06  80000    1.0
pdeck_score[7,12]            0.03  4.4e-5   0.01   0.01   0.02   0.03   0.04   0.06  80000    1.0
pdeck_score[8,12]            0.03  4.4e-5   0.01   0.01   0.02   0.03   0.04   0.06  80000    1.0
pdeck_score[0,13]            0.03  4.6e-5   0.01   0.01   0.02   0.03   0.04   0.06  80000    1.0
pdeck_score[1,13]            0.03  4.5e-5   0.01   0.01   0.02   0.03   0.04   0.06  80000    1.0
pdeck_score[2,13]            0.03  4.5e-5   0.01   0.01   0.02   0.03   0.04   0.06  80000    1.0
pdeck_score[3,13]            0.03  4.5e-5   0.01   0.01   0.02   0.03   0.04   0.06  80000    1.0
pdeck_score[4,13]            0.03  4.4e-5   0.01   0.01   0.02   0.03   0.04   0.06  80000    1.0
pdeck_score[5,13]            0.03  4.4e-5   0.01   0.01   0.02   0.03   0.04   0.06  80000    1.0
pdeck_score[6,13]            0.03  4.5e-5   0.01   0.01   0.02   0.03   0.04   0.06  80000    1.0
pdeck_score[7,13]            0.03  4.5e-5   0.01   0.01   0.02   0.03   0.04   0.06  80000    1.0
pdeck_score[8,13]            0.03  4.5e-5   0.01   0.01   0.02   0.03   0.04   0.06  80000    1.0
pdeck_score[0,14]            0.17  1.1e-4   0.03   0.12   0.15   0.17   0.19   0.24  80000    1.0
pdeck_score[1,14]            0.18  1.1e-4   0.03   0.12   0.15   0.17   0.19   0.24  80000    1.0
pdeck_score[2,14]            0.18  1.0e-4   0.03   0.12   0.15   0.17   0.19   0.24  80000    1.0
pdeck_score[3,14]            0.18  1.0e-4   0.03   0.12   0.16   0.17   0.19   0.24  80000    1.0
pdeck_score[4,14]            0.18  9.8e-5   0.03   0.13   0.16   0.18   0.19   0.23  80000    1.0
pdeck_score[5,14]            0.18  9.8e-5   0.03   0.13   0.16   0.18    0.2   0.23  80000    1.0
pdeck_score[6,14]            0.18  9.9e-5   0.03   0.13   0.16   0.18    0.2   0.24  80000    1.0
pdeck_score[7,14]            0.18  1.0e-4   0.03   0.13   0.16   0.18    0.2   0.24  80000    1.0
pdeck_score[8,14]            0.18  1.0e-4   0.03   0.13   0.16   0.18    0.2   0.24  80000    1.0
pscore_score_matrix[0,0]     0.06  2.3e-5 6.5e-3   0.05   0.05   0.06   0.06   0.07  80000    1.0
pscore_score_matrix[1,0]     0.09  3.0e-5 8.4e-3   0.07   0.08   0.09   0.09   0.11  80000    1.0
pscore_score_matrix[2,0]     0.25  5.8e-5   0.02   0.22   0.24   0.25   0.26   0.28  80000    1.0
pscore_score_matrix[3,0]     0.26  1.6e-5 4.2e-3   0.25   0.26   0.26   0.27   0.27  69985    1.0
pscore_score_matrix[4,0]     0.28  7.2e-5   0.02   0.24   0.26   0.28   0.29   0.32  80000    1.0
pscore_score_matrix[5,0]     0.05  3.8e-5   0.01   0.03   0.04   0.05   0.06   0.07  80000    1.0
pscore_score_matrix[6,0]     0.01  1.4e-5 3.8e-3 4.6e-3 8.0e-3   0.01   0.01   0.02  80000    1.0
pscore_score_matrix[7,0]   8.9e-4  1.7e-6 4.5e-4 2.5e-4 5.6e-4 8.0e-4 1.1e-3 2.0e-3  68287    nan
pscore_score_matrix[8,0]   1.2e-4  3.1e-7 7.8e-5 2.3e-5 6.3e-5 1.0e-4 1.5e-4 3.2e-4  62964    nan
pscore_score_matrix[0,1]     0.03  8.1e-6 2.3e-3   0.03   0.03   0.03   0.03   0.04  80000    1.0
pscore_score_matrix[1,1]     0.09  3.2e-5 9.1e-3   0.07   0.08   0.09    0.1   0.11  80000    1.0
pscore_score_matrix[2,1]     0.25  6.5e-5   0.02   0.22   0.24   0.25   0.27   0.29  80000    1.0
pscore_score_matrix[3,1]     0.27  2.0e-5 5.8e-3   0.26   0.27   0.27   0.27   0.28  80000    1.0
pscore_score_matrix[4,1]     0.29  7.0e-5   0.02   0.24   0.27   0.29    0.3   0.32  80000    1.0
pscore_score_matrix[5,1]     0.05  3.9e-5   0.01   0.03   0.05   0.05   0.06   0.08  80000    1.0
pscore_score_matrix[6,1]     0.01  1.5e-5 4.1e-3 4.8e-3 8.4e-3   0.01   0.01   0.02  80000    1.0
pscore_score_matrix[7,1]  10.0e-4  2.1e-6 5.3e-4 2.7e-4 6.1e-4 8.9e-4 1.3e-3 2.3e-3  67055    nan
pscore_score_matrix[8,1]   1.7e-4  4.7e-7 1.2e-4 2.9e-5 8.4e-5 1.4e-4 2.2e-4 4.7e-4  61221    nan
pscore_score_matrix[0,2]     0.01  2.0e-6 5.7e-4 9.1e-310.0e-3   0.01   0.01   0.01  80000    nan
pscore_score_matrix[1,2]     0.04  5.1e-6 1.4e-3   0.04   0.04   0.04   0.04   0.04  80000    1.0
pscore_score_matrix[2,2]     0.27  8.0e-5   0.02   0.23   0.26   0.27   0.29   0.32  80000    1.0
pscore_score_matrix[3,2]     0.29  3.6e-5   0.01   0.27   0.29   0.29    0.3   0.31  80000    1.0
pscore_score_matrix[4,2]     0.31  6.1e-5   0.02   0.27    0.3   0.31   0.32   0.34  80000    1.0
pscore_score_matrix[5,2]     0.06  4.0e-5   0.01   0.04   0.05   0.06   0.07   0.08  80000    1.0
pscore_score_matrix[6,2]     0.01  1.6e-5 4.4e-3 5.4e-3 9.2e-3   0.01   0.01   0.02  80000    1.0
pscore_score_matrix[7,2]   1.1e-3  2.3e-6 5.9e-4 3.1e-4 6.9e-4 9.9e-4 1.4e-3 2.6e-3  66740    nan
pscore_score_matrix[8,2]   2.0e-4  5.8e-7 1.4e-4 3.4e-5 9.9e-5 1.6e-4 2.6e-4 5.7e-4  60475    nan
pscore_score_matrix[0,3]   2.1e-3  2.3e-6 6.4e-4 1.0e-3 1.6e-3 2.0e-3 2.5e-3 3.5e-3  80000    nan
pscore_score_matrix[1,3]     0.01  5.7e-6 1.6e-3 8.2e-3   0.01   0.01   0.01   0.01  80000    1.0
pscore_score_matrix[2,3]     0.11  4.3e-6 1.2e-3   0.11   0.11   0.11   0.11   0.11  80000    1.0
pscore_score_matrix[3,3]     0.37  8.8e-5   0.02   0.32   0.35   0.37   0.39   0.42  80000    1.0
pscore_score_matrix[4,3]     0.41  1.6e-5 4.6e-3    0.4   0.41   0.41   0.41   0.42  80000    1.0
pscore_score_matrix[5,3]     0.08  4.0e-5   0.01   0.06   0.07   0.08   0.09    0.1  80000    1.0
pscore_score_matrix[6,3]     0.02  1.8e-5 5.1e-3 8.2e-3   0.01   0.02   0.02   0.03  80000    1.0
pscore_score_matrix[7,3]   1.5e-3  2.8e-6 7.3e-4 4.7e-4 9.7e-4 1.4e-3 1.9e-3 3.3e-3  68378    nan
pscore_score_matrix[8,3]   2.7e-4  7.3e-7 1.8e-4 5.2e-5 1.4e-4 2.2e-4 3.5e-4 7.4e-4  61506    nan
pscore_score_matrix[0,4]   5.1e-4  1.1e-6 2.9e-4 1.3e-4 3.1e-4 4.5e-4 6.5e-4 1.2e-3  65489    nan
pscore_score_matrix[1,4]   2.8e-3  3.7e-6 1.1e-3 1.2e-3 2.1e-3 2.7e-3 3.5e-3 5.3e-3  80000    1.0
pscore_score_matrix[2,4]     0.03  2.2e-5 6.3e-3   0.02   0.03   0.03   0.04   0.04  80000    1.0
pscore_score_matrix[3,4]     0.14  2.7e-5 7.5e-3   0.13   0.14   0.14   0.15   0.16  80000    1.0
pscore_score_matrix[4,4]     0.65  1.1e-4   0.03   0.58   0.62   0.65   0.67    0.7  80000    1.0
pscore_score_matrix[5,4]     0.14  2.7e-5 7.5e-3   0.13   0.14   0.14   0.15   0.16  80000    1.0
pscore_score_matrix[6,4]     0.03  2.2e-5 6.3e-3   0.02   0.03   0.03   0.04   0.04  80000    1.0
pscore_score_matrix[7,4]   2.8e-3  3.7e-6 1.1e-3 1.2e-3 2.1e-3 2.7e-3 3.5e-3 5.3e-3  80000    1.0
pscore_score_matrix[8,4]   5.1e-4  1.1e-6 2.9e-4 1.3e-4 3.1e-4 4.5e-4 6.5e-4 1.2e-3  65489    nan
pscore_score_matrix[0,5]   2.7e-4  7.3e-7 1.8e-4 5.2e-5 1.4e-4 2.2e-4 3.5e-4 7.4e-4  61506    nan
pscore_score_matrix[1,5]   1.5e-3  2.8e-6 7.3e-4 4.7e-4 9.7e-4 1.4e-3 1.9e-3 3.3e-3  68378    nan
pscore_score_matrix[2,5]     0.02  1.8e-5 5.1e-3 8.2e-3   0.01   0.02   0.02   0.03  80000    1.0
pscore_score_matrix[3,5]     0.08  4.0e-5   0.01   0.06   0.07   0.08   0.09    0.1  80000    1.0
pscore_score_matrix[4,5]     0.41  1.6e-5 4.6e-3    0.4   0.41   0.41   0.41   0.42  80000    1.0
pscore_score_matrix[5,5]     0.37  8.8e-5   0.02   0.32   0.35   0.37   0.39   0.42  80000    1.0
pscore_score_matrix[6,5]     0.11  4.3e-6 1.2e-3   0.11   0.11   0.11   0.11   0.11  80000    1.0
pscore_score_matrix[7,5]     0.01  5.7e-6 1.6e-3 8.2e-3   0.01   0.01   0.01   0.01  80000    1.0
pscore_score_matrix[8,5]   2.1e-3  2.3e-6 6.4e-4 1.0e-3 1.6e-3 2.0e-3 2.5e-3 3.5e-3  80000    nan
pscore_score_matrix[0,6]   2.0e-4  5.8e-7 1.4e-4 3.4e-5 9.9e-5 1.6e-4 2.6e-4 5.7e-4  60475    nan
pscore_score_matrix[1,6]   1.1e-3  2.3e-6 5.9e-4 3.1e-4 6.9e-4 9.9e-4 1.4e-3 2.6e-3  66740    nan
pscore_score_matrix[2,6]     0.01  1.6e-5 4.4e-3 5.4e-3 9.2e-3   0.01   0.01   0.02  80000    1.0
pscore_score_matrix[3,6]     0.06  4.0e-5   0.01   0.04   0.05   0.06   0.07   0.08  80000    1.0
pscore_score_matrix[4,6]     0.31  6.1e-5   0.02   0.27    0.3   0.31   0.32   0.34  80000    1.0
pscore_score_matrix[5,6]     0.29  3.6e-5   0.01   0.27   0.29   0.29    0.3   0.31  80000    1.0
pscore_score_matrix[6,6]     0.27  8.0e-5   0.02   0.23   0.26   0.27   0.29   0.32  80000    1.0
pscore_score_matrix[7,6]     0.04  5.1e-6 1.4e-3   0.04   0.04   0.04   0.04   0.04  80000    1.0
pscore_score_matrix[8,6]     0.01  2.0e-6 5.7e-4 9.1e-310.0e-3   0.01   0.01   0.01  80000    nan
pscore_score_matrix[0,7]   1.7e-4  4.7e-7 1.2e-4 2.9e-5 8.4e-5 1.4e-4 2.2e-4 4.7e-4  61221    nan
pscore_score_matrix[1,7]  10.0e-4  2.1e-6 5.3e-4 2.7e-4 6.1e-4 8.9e-4 1.3e-3 2.3e-3  67055    nan
pscore_score_matrix[2,7]     0.01  1.5e-5 4.1e-3 4.8e-3 8.4e-3   0.01   0.01   0.02  80000    1.0
pscore_score_matrix[3,7]     0.05  3.9e-5   0.01   0.03   0.05   0.05   0.06   0.08  80000    1.0
pscore_score_matrix[4,7]     0.29  7.0e-5   0.02   0.24   0.27   0.29    0.3   0.32  80000    1.0
pscore_score_matrix[5,7]     0.27  2.0e-5 5.8e-3   0.26   0.27   0.27   0.27   0.28  80000    1.0
pscore_score_matrix[6,7]     0.25  6.5e-5   0.02   0.22   0.24   0.25   0.27   0.29  80000    1.0
pscore_score_matrix[7,7]     0.09  3.2e-5 9.1e-3   0.07   0.08   0.09    0.1   0.11  80000    1.0
pscore_score_matrix[8,7]     0.03  8.1e-6 2.3e-3   0.03   0.03   0.03   0.03   0.04  80000    1.0
pscore_score_matrix[0,8]   1.2e-4  3.1e-7 7.8e-5 2.3e-5 6.3e-5 1.0e-4 1.5e-4 3.2e-4  62964    nan
pscore_score_matrix[1,8]   8.9e-4  1.7e-6 4.5e-4 2.5e-4 5.6e-4 8.0e-4 1.1e-3 2.0e-3  68287    nan
pscore_score_matrix[2,8]     0.01  1.4e-5 3.8e-3 4.6e-3 8.0e-3   0.01   0.01   0.02  80000    1.0
pscore_score_matrix[3,8]     0.05  3.8e-5   0.01   0.03   0.04   0.05   0.06   0.07  80000    1.0
pscore_score_matrix[4,8]     0.28  7.2e-5   0.02   0.24   0.26   0.28   0.29   0.32  80000    1.0
pscore_score_matrix[5,8]     0.26  1.6e-5 4.2e-3   0.25   0.26   0.26   0.27   0.27  69985    1.0
pscore_score_matrix[6,8]     0.25  5.8e-5   0.02   0.22   0.24   0.25   0.26   0.28  80000    1.0
pscore_score_matrix[7,8]     0.09  3.0e-5 8.4e-3   0.07   0.08   0.09   0.09   0.11  80000    1.0
pscore_score_matrix[8,8]     0.06  2.3e-5 6.5e-3   0.05   0.05   0.06   0.06   0.07  80000    1.0
pdeck_record_matrix[0,0]     0.14  8.8e-5   0.02   0.09   0.12   0.13   0.15   0.19  80000    1.0
pdeck_record_matrix[1,0]      0.1  7.7e-5   0.02   0.06   0.08    0.1   0.11   0.15  80000    1.0
pdeck_record_matrix[2,0]     0.08  6.9e-5   0.02   0.04   0.06   0.08   0.09   0.12  80000    1.0
pdeck_record_matrix[3,0]     0.07  6.6e-5   0.02   0.04   0.06   0.07   0.08   0.11  80000    1.0
pdeck_record_matrix[4,0]     0.06  6.2e-5   0.02   0.03   0.05   0.06   0.07    0.1  80000    1.0
pdeck_record_matrix[5,0]     0.06  5.9e-5   0.02   0.03   0.04   0.06   0.07   0.09  80000    1.0
pdeck_record_matrix[6,0]     0.05  5.6e-5   0.02   0.03   0.04   0.05   0.06   0.09  80000    1.0
pdeck_record_matrix[7,0]     0.05  5.7e-5   0.02   0.03   0.04   0.05   0.06   0.09  80000    1.0
pdeck_record_matrix[8,0]     0.04  5.1e-5   0.01   0.02   0.03   0.04   0.05   0.07  80000    1.0
pdeck_record_matrix[9,0]     0.04  5.1e-5   0.01   0.02   0.03   0.04   0.05   0.07  80000    1.0
pdeck_record_matrix[10,0]    0.04  4.7e-5   0.01   0.01   0.03   0.03   0.04   0.07  80000    1.0
pdeck_record_matrix[11,0]    0.03  4.4e-5   0.01   0.01   0.02   0.03   0.04   0.06  80000    1.0
pdeck_record_matrix[12,0]    0.03  4.4e-5   0.01   0.01   0.02   0.03   0.04   0.06  80000    1.0
pdeck_record_matrix[13,0]    0.03  4.4e-5   0.01   0.01   0.02   0.03   0.04   0.06  80000    1.0
pdeck_record_matrix[14,0]    0.18  9.8e-5   0.03   0.13   0.16   0.18   0.19   0.23  80000    1.0
pdeck_record_matrix[0,1]     0.14  8.9e-5   0.03   0.09   0.12   0.13   0.15   0.19  80000    1.0
pdeck_record_matrix[1,1]      0.1  7.7e-5   0.02   0.06   0.08    0.1   0.11   0.15  80000    1.0
pdeck_record_matrix[2,1]     0.08  6.9e-5   0.02   0.04   0.06   0.08   0.09   0.12  80000    1.0
pdeck_record_matrix[3,1]     0.07  6.7e-5   0.02   0.04   0.06   0.07   0.08   0.11  80000    1.0
pdeck_record_matrix[4,1]     0.06  6.2e-5   0.02   0.03   0.05   0.06   0.07    0.1  80000    1.0
pdeck_record_matrix[5,1]     0.06  6.0e-5   0.02   0.03   0.05   0.06   0.07    0.1  80000    1.0
pdeck_record_matrix[6,1]     0.05  5.8e-5   0.02   0.03   0.04   0.05   0.06   0.09  80000    1.0
pdeck_record_matrix[7,1]     0.05  5.6e-5   0.02   0.02   0.04   0.05   0.06   0.09  80000    1.0
pdeck_record_matrix[8,1]     0.04  5.1e-5   0.01   0.02   0.03   0.04   0.05   0.07  80000    1.0
pdeck_record_matrix[9,1]     0.04  5.2e-5   0.01   0.02   0.03   0.04   0.05   0.07  80000    1.0
pdeck_record_matrix[10,1]    0.04  4.8e-5   0.01   0.02   0.03   0.04   0.04   0.07  80000    1.0
pdeck_record_matrix[11,1]    0.03  4.4e-5   0.01   0.01   0.02   0.03   0.04   0.06  80000    1.0
pdeck_record_matrix[12,1]    0.03  4.4e-5   0.01   0.01   0.02   0.03   0.04   0.06  80000    1.0
pdeck_record_matrix[13,1]    0.03  4.5e-5   0.01   0.01   0.02   0.03   0.04   0.06  80000    1.0
pdeck_record_matrix[14,1]    0.18 10.0e-5   0.03   0.13   0.16   0.18    0.2   0.24  80000    1.0
pdeck_record_matrix[0,2]     0.14  9.4e-5   0.03   0.09   0.12   0.13   0.15   0.19  80000    1.0
pdeck_record_matrix[1,2]      0.1  8.2e-5   0.02   0.06   0.08    0.1   0.11   0.15  80000    1.0
pdeck_record_matrix[2,2]     0.08  7.3e-5   0.02   0.04   0.06   0.08   0.09   0.12  80000    1.0
pdeck_record_matrix[3,2]     0.07  7.0e-5   0.02   0.04   0.06   0.07   0.09   0.12  80000    1.0
pdeck_record_matrix[4,2]     0.06  6.5e-5   0.02   0.03   0.05   0.06   0.07    0.1  80000    1.0
pdeck_record_matrix[5,2]     0.06  6.0e-5   0.02   0.03   0.04   0.05   0.07   0.09  80000    1.0
pdeck_record_matrix[6,2]     0.05  5.7e-5   0.02   0.02   0.04   0.05   0.06   0.09  80000    1.0
pdeck_record_matrix[7,2]     0.05  6.1e-5   0.02   0.03   0.04   0.05   0.06   0.09  80000    1.0
pdeck_record_matrix[8,2]     0.04  5.4e-5   0.02   0.02   0.03   0.04   0.05   0.08  80000    1.0
pdeck_record_matrix[9,2]     0.04  5.2e-5   0.01   0.02   0.03   0.04   0.05   0.07  80000    1.0
pdeck_record_matrix[10,2]    0.04  4.8e-5   0.01   0.01   0.03   0.03   0.04   0.07  80000    1.0
pdeck_record_matrix[11,2]    0.03  4.6e-5   0.01   0.01   0.02   0.03   0.04   0.06  80000    1.0
pdeck_record_matrix[12,2]    0.03  4.6e-5   0.01   0.01   0.02   0.03   0.04   0.06  80000    1.0
pdeck_record_matrix[13,2]    0.03  4.5e-5   0.01   0.01   0.02   0.03   0.04   0.06  80000    1.0
pdeck_record_matrix[14,2]    0.18  1.1e-4   0.03   0.12   0.15   0.17   0.19   0.24  80000    1.0
pdeck_record_matrix[0,3]     0.14  9.7e-5   0.03   0.09   0.12   0.13   0.15   0.19  80000    1.0
pdeck_record_matrix[1,3]      0.1  8.2e-5   0.02   0.06   0.08    0.1   0.11   0.15  80000    1.0
pdeck_record_matrix[2,3]     0.08  7.3e-5   0.02   0.04   0.06   0.08   0.09   0.12  80000    1.0
pdeck_record_matrix[3,3]     0.07  7.0e-5   0.02   0.04   0.06   0.07   0.08   0.12  80000    1.0
pdeck_record_matrix[4,3]     0.06  6.5e-5   0.02   0.03   0.05   0.06   0.07    0.1  80000    1.0
pdeck_record_matrix[5,3]     0.06  6.4e-5   0.02   0.03   0.05   0.06   0.07    0.1  80000    1.0
pdeck_record_matrix[6,3]     0.05  6.1e-5   0.02   0.03   0.04   0.05   0.06   0.09  80000    1.0
pdeck_record_matrix[7,3]     0.05  5.8e-5   0.02   0.02   0.04   0.05   0.06   0.09  80000    1.0
pdeck_record_matrix[8,3]     0.04  5.2e-5   0.01   0.02   0.03   0.04   0.05   0.07  80000    1.0
pdeck_record_matrix[9,3]     0.04  5.4e-5   0.02   0.02   0.03   0.04   0.05   0.08  80000    1.0
pdeck_record_matrix[10,3]    0.04  5.0e-5   0.01   0.01   0.03   0.04   0.05   0.07  80000    1.0
pdeck_record_matrix[11,3]    0.03  4.5e-5   0.01   0.01   0.02   0.03   0.04   0.06  80000    1.0
pdeck_record_matrix[12,3]    0.03  4.5e-5   0.01   0.01   0.02   0.03   0.04   0.06  80000    1.0
pdeck_record_matrix[13,3]    0.03  4.6e-5   0.01   0.01   0.02   0.03   0.04   0.06  80000    1.0
pdeck_record_matrix[14,3]    0.18  1.1e-4   0.03   0.12   0.16   0.18    0.2   0.24  80000    1.0
pdeck_record_matrix[0,4]     0.14  8.8e-5   0.02   0.09   0.12   0.13   0.15   0.19  80000    1.0
pdeck_record_matrix[1,4]      0.1  7.7e-5   0.02   0.06   0.08    0.1   0.11   0.15  80000    1.0
pdeck_record_matrix[2,4]     0.08  6.9e-5   0.02   0.04   0.06   0.08   0.09   0.12  80000    1.0
pdeck_record_matrix[3,4]     0.07  6.6e-5   0.02   0.04   0.06   0.07   0.08   0.11  80000    1.0
pdeck_record_matrix[4,4]     0.06  6.2e-5   0.02   0.03   0.05   0.06   0.07    0.1  80000    1.0
pdeck_record_matrix[5,4]     0.06  5.9e-5   0.02   0.03   0.04   0.06   0.07   0.09  80000    1.0
pdeck_record_matrix[6,4]     0.05  5.6e-5   0.02   0.03   0.04   0.05   0.06   0.09  80000    1.0
pdeck_record_matrix[7,4]     0.05  5.7e-5   0.02   0.03   0.04   0.05   0.06   0.09  80000    1.0
pdeck_record_matrix[8,4]     0.04  5.1e-5   0.01   0.02   0.03   0.04   0.05   0.07  80000    1.0
pdeck_record_matrix[9,4]     0.04  5.1e-5   0.01   0.02   0.03   0.04   0.05   0.07  80000    1.0
pdeck_record_matrix[10,4]    0.04  4.7e-5   0.01   0.01   0.03   0.03   0.04   0.07  80000    1.0
pdeck_record_matrix[11,4]    0.03  4.4e-5   0.01   0.01   0.02   0.03   0.04   0.06  80000    1.0
pdeck_record_matrix[12,4]    0.03  4.4e-5   0.01   0.01   0.02   0.03   0.04   0.06  80000    1.0
pdeck_record_matrix[13,4]    0.03  4.4e-5   0.01   0.01   0.02   0.03   0.04   0.06  80000    1.0
pdeck_record_matrix[14,4]    0.18  9.9e-5   0.03   0.13   0.16   0.18    0.2   0.23  80000    1.0
pdeck_record_matrix[0,5]     0.14  1.1e-4   0.03   0.08   0.11   0.13   0.15    0.2  80000    1.0
pdeck_record_matrix[1,5]      0.1  9.2e-5   0.03   0.06   0.08    0.1   0.12   0.16  80000    1.0
pdeck_record_matrix[2,5]     0.08  8.0e-5   0.02   0.04   0.06   0.08   0.09   0.13  80000    1.0
pdeck_record_matrix[3,5]     0.07  7.7e-5   0.02   0.04   0.06   0.07   0.09   0.12  80000    1.0
pdeck_record_matrix[4,5]     0.06  7.0e-5   0.02   0.03   0.05   0.06   0.07   0.11  80000    1.0
pdeck_record_matrix[5,5]     0.06  6.4e-5   0.02   0.03   0.04   0.05   0.07    0.1  80000    1.0
pdeck_record_matrix[6,5]     0.05  6.0e-5   0.02   0.02   0.04   0.05   0.06   0.09  80000    1.0
pdeck_record_matrix[7,5]     0.06  6.6e-5   0.02   0.03   0.04   0.05   0.07    0.1  80000    1.0
pdeck_record_matrix[8,5]     0.04  5.8e-5   0.02   0.02   0.03   0.04   0.05   0.08  80000    1.0
pdeck_record_matrix[9,5]     0.04  5.5e-5   0.02   0.02   0.03   0.04   0.05   0.08  80000    1.0
pdeck_record_matrix[10,5]    0.04  5.0e-5   0.01   0.01   0.03   0.03   0.04   0.07  80000    1.0
pdeck_record_matrix[11,5]    0.03  4.9e-5   0.01   0.01   0.02   0.03   0.04   0.06  80000    1.0
pdeck_record_matrix[12,5]    0.03  4.8e-5   0.01   0.01   0.02   0.03   0.04   0.06  80000    1.0
pdeck_record_matrix[13,5]    0.03  4.7e-5   0.01   0.01   0.02   0.03   0.04   0.06  80000    1.0
pdeck_record_matrix[14,5]    0.17  1.2e-4   0.03   0.11   0.15   0.17   0.19   0.25  80000    1.0
pdeck_record_matrix[0,6]     0.13  1.1e-4   0.03   0.08   0.11   0.13   0.15    0.2  80000    1.0
pdeck_record_matrix[1,6]      0.1  9.2e-5   0.03   0.05   0.08   0.09   0.11   0.15  80000    1.0
pdeck_record_matrix[2,6]     0.08  8.0e-5   0.02   0.04   0.06   0.07   0.09   0.13  80000    1.0
pdeck_record_matrix[3,6]     0.07  7.8e-5   0.02   0.04   0.06   0.07   0.09   0.12  80000    1.0
pdeck_record_matrix[4,6]     0.06  7.1e-5   0.02   0.03   0.05   0.06   0.07   0.11  80000    1.0
pdeck_record_matrix[5,6]     0.06  7.0e-5   0.02   0.03   0.05   0.06   0.07    0.1  80000    1.0
pdeck_record_matrix[6,6]     0.06  6.7e-5   0.02   0.02   0.04   0.05   0.07    0.1  80000    1.0
pdeck_record_matrix[7,6]     0.05  6.1e-5   0.02   0.02   0.04   0.05   0.06   0.09  80000    1.0
pdeck_record_matrix[8,6]     0.04  5.5e-5   0.02   0.02   0.03   0.04   0.05   0.08  80000    1.0
pdeck_record_matrix[9,6]     0.04  5.8e-5   0.02   0.02   0.03   0.04   0.05   0.08  80000    1.0
pdeck_record_matrix[10,6]    0.04  5.4e-5   0.02   0.01   0.03   0.04   0.05   0.07  80000    1.0
pdeck_record_matrix[11,6]    0.03  4.7e-5   0.01   0.01   0.02   0.03   0.04   0.06  80000    1.0
pdeck_record_matrix[12,6]    0.03  4.7e-5   0.01   0.01   0.02   0.03   0.04   0.06  80000    1.0
pdeck_record_matrix[13,6]    0.03  4.9e-5   0.01   0.01   0.02   0.03   0.04   0.06  80000    1.0
pdeck_record_matrix[14,6]    0.18  1.3e-4   0.04   0.12   0.15   0.18    0.2   0.25  80000    1.0
pdeck_record_matrix[0,7]     0.14  8.9e-5   0.03   0.09   0.12   0.13   0.15   0.19  80000    1.0
pdeck_record_matrix[1,7]      0.1  7.7e-5   0.02   0.06   0.08    0.1   0.11   0.15  80000    1.0
pdeck_record_matrix[2,7]     0.08  6.9e-5   0.02   0.04   0.06   0.08   0.09   0.12  80000    1.0
pdeck_record_matrix[3,7]     0.07  6.7e-5   0.02   0.04   0.06   0.07   0.08   0.11  80000    1.0
pdeck_record_matrix[4,7]     0.06  6.2e-5   0.02   0.03   0.05   0.06   0.07    0.1  80000    1.0
pdeck_record_matrix[5,7]     0.06  6.0e-5   0.02   0.03   0.05   0.06   0.07    0.1  80000    1.0
pdeck_record_matrix[6,7]     0.05  5.8e-5   0.02   0.03   0.04   0.05   0.06   0.09  80000    1.0
pdeck_record_matrix[7,7]     0.05  5.6e-5   0.02   0.02   0.04   0.05   0.06   0.09  80000    1.0
pdeck_record_matrix[8,7]     0.04  5.1e-5   0.01   0.02   0.03   0.04   0.05   0.07  80000    1.0
pdeck_record_matrix[9,7]     0.04  5.2e-5   0.01   0.02   0.03   0.04   0.05   0.07  80000    1.0
pdeck_record_matrix[10,7]    0.04  4.8e-5   0.01   0.02   0.03   0.04   0.04   0.07  80000    1.0
pdeck_record_matrix[11,7]    0.03  4.4e-5   0.01   0.01   0.02   0.03   0.04   0.06  80000    1.0
pdeck_record_matrix[12,7]    0.03  4.4e-5   0.01   0.01   0.02   0.03   0.04   0.06  80000    1.0
pdeck_record_matrix[13,7]    0.03  4.5e-5   0.01   0.01   0.02   0.03   0.04   0.06  80000    1.0
pdeck_record_matrix[14,7]    0.18  1.0e-4   0.03   0.13   0.16   0.18    0.2   0.24  80000    1.0
pdeck_record_matrix[0,8]     0.14  9.5e-5   0.03   0.09   0.12   0.13   0.15   0.19  80000    1.0
pdeck_record_matrix[1,8]      0.1  8.2e-5   0.02   0.06   0.08    0.1   0.11   0.15  80000    1.0
pdeck_record_matrix[2,8]     0.08  7.3e-5   0.02   0.04   0.06   0.08   0.09   0.12  80000    1.0
pdeck_record_matrix[3,8]     0.07  7.0e-5   0.02   0.04   0.06   0.07   0.09   0.12  80000    1.0
pdeck_record_matrix[4,8]     0.06  6.5e-5   0.02   0.03   0.05   0.06   0.07    0.1  80000    1.0
pdeck_record_matrix[5,8]     0.06  6.0e-5   0.02   0.03   0.04   0.05   0.07   0.09  80000    1.0
pdeck_record_matrix[6,8]     0.05  5.7e-5   0.02   0.02   0.04   0.05   0.06   0.09  80000    1.0
pdeck_record_matrix[7,8]     0.05  6.1e-5   0.02   0.03   0.04   0.05   0.06   0.09  80000    1.0
pdeck_record_matrix[8,8]     0.04  5.4e-5   0.02   0.02   0.03   0.04   0.05   0.08  80000    1.0
pdeck_record_matrix[9,8]     0.04  5.2e-5   0.01   0.02   0.03   0.04   0.05   0.07  80000    1.0
pdeck_record_matrix[10,8]    0.04  4.8e-5   0.01   0.01   0.03   0.03   0.04   0.07  80000    1.0
pdeck_record_matrix[11,8]    0.03  4.6e-5   0.01   0.01   0.02   0.03   0.04   0.06  80000    1.0
pdeck_record_matrix[12,8]    0.03  4.6e-5   0.01   0.01   0.02   0.03   0.04   0.06  80000    1.0
pdeck_record_matrix[13,8]    0.03  4.5e-5   0.01   0.01   0.02   0.03   0.04   0.06  80000    1.0
pdeck_record_matrix[14,8]    0.18  1.1e-4   0.03   0.12   0.15   0.17   0.19   0.24  80000    1.0
pdeck_record_matrix[0,9]     0.13  1.2e-4   0.03   0.08   0.11   0.13   0.16   0.21  80000    1.0
pdeck_record_matrix[1,9]      0.1  1.0e-4   0.03   0.05   0.08    0.1   0.12   0.17  80000    1.0
pdeck_record_matrix[2,9]     0.08  9.0e-5   0.03   0.04   0.06   0.08   0.09   0.14  80000    1.0
pdeck_record_matrix[3,9]     0.07  8.6e-5   0.02   0.04   0.06   0.07   0.09   0.13  80000    1.0
pdeck_record_matrix[4,9]     0.06  7.8e-5   0.02   0.03   0.05   0.06   0.08   0.11  80000    1.0
pdeck_record_matrix[5,9]     0.05  7.0e-5   0.02   0.02   0.04   0.05   0.07    0.1  80000    1.0
pdeck_record_matrix[6,9]     0.05  6.5e-5   0.02   0.02   0.04   0.05   0.06   0.09  80000    1.0
pdeck_record_matrix[7,9]     0.06  7.4e-5   0.02   0.02   0.04   0.05   0.07   0.11  80000    1.0
pdeck_record_matrix[8,9]     0.04  6.3e-5   0.02   0.02   0.03   0.04   0.05   0.09  80000    1.0
pdeck_record_matrix[9,9]     0.04  5.9e-5   0.02   0.02   0.03   0.04   0.05   0.08  80000    1.0
pdeck_record_matrix[10,9]    0.04  5.3e-5   0.02   0.01   0.02   0.03   0.04   0.07  80000    1.0
pdeck_record_matrix[11,9]    0.03  5.3e-5   0.01   0.01   0.02   0.03   0.04   0.07  80000    1.0
pdeck_record_matrix[12,9]    0.03  5.2e-5   0.01   0.01   0.02   0.03   0.04   0.07  80000    1.0
pdeck_record_matrix[13,9]    0.03  5.0e-5   0.01   0.01   0.02   0.03   0.04   0.07  80000    1.0
pdeck_record_matrix[14,9]    0.17  1.4e-4   0.04    0.1   0.14   0.17    0.2   0.26  80000    1.0
pdeck_record_matrix[0,10]    0.13  1.3e-4   0.04   0.07   0.11   0.13   0.16   0.21  80000    1.0
pdeck_record_matrix[1,10]     0.1  1.0e-4   0.03   0.05   0.08   0.09   0.11   0.16  80000    1.0
pdeck_record_matrix[2,10]    0.08  9.0e-5   0.03   0.04   0.06   0.07   0.09   0.13  80000    1.0
pdeck_record_matrix[3,10]    0.07  8.7e-5   0.02   0.03   0.05   0.07   0.09   0.13  80000    1.0
pdeck_record_matrix[4,10]    0.06  7.8e-5   0.02   0.03   0.05   0.06   0.08   0.11  80000    1.0
pdeck_record_matrix[5,10]    0.06  7.8e-5   0.02   0.03   0.04   0.06   0.07   0.11  80000    1.0
pdeck_record_matrix[6,10]    0.06  7.5e-5   0.02   0.02   0.04   0.05   0.07   0.11  80000    1.0
pdeck_record_matrix[7,10]    0.05  6.5e-5   0.02   0.02   0.03   0.04   0.06   0.09  80000    1.0
pdeck_record_matrix[8,10]    0.04  6.0e-5   0.02   0.02   0.03   0.04   0.05   0.08  80000    1.0
pdeck_record_matrix[9,10]    0.04  6.4e-5   0.02   0.02   0.03   0.04   0.05   0.09  80000    1.0
pdeck_record_matrix[10,10]   0.04  5.9e-5   0.02   0.01   0.03   0.04   0.05   0.08  80000    1.0
pdeck_record_matrix[11,10]   0.03  5.0e-5   0.01 9.9e-3   0.02   0.03   0.04   0.06  80000    1.0
pdeck_record_matrix[12,10]   0.03  5.0e-5   0.0110.0e-3   0.02   0.03   0.04   0.06  80000    1.0
pdeck_record_matrix[13,10]   0.03  5.3e-5   0.01   0.01   0.02   0.03   0.04   0.07  80000    1.0
pdeck_record_matrix[14,10]   0.18  1.5e-4   0.04   0.11   0.15   0.18   0.21   0.27  80000    1.0
pdeck_record_matrix[0,11]    0.14  9.7e-5   0.03   0.09   0.12   0.13   0.15   0.19  80000    1.0
pdeck_record_matrix[1,11]     0.1  8.3e-5   0.02   0.06   0.08    0.1   0.11   0.15  80000    1.0
pdeck_record_matrix[2,11]    0.08  7.3e-5   0.02   0.04   0.06   0.08   0.09   0.12  80000    1.0
pdeck_record_matrix[3,11]    0.07  7.1e-5   0.02   0.04   0.06   0.07   0.08   0.12  80000    1.0
pdeck_record_matrix[4,11]    0.06  6.5e-5   0.02   0.03   0.05   0.06   0.07    0.1  80000    1.0
pdeck_record_matrix[5,11]    0.06  6.3e-5   0.02   0.03   0.05   0.06   0.07    0.1  80000    1.0
pdeck_record_matrix[6,11]    0.05  6.1e-5   0.02   0.03   0.04   0.05   0.06   0.09  80000    1.0
pdeck_record_matrix[7,11]    0.05  5.8e-5   0.02   0.02   0.04   0.05   0.06   0.09  80000    1.0
pdeck_record_matrix[8,11]    0.04  5.2e-5   0.01   0.02   0.03   0.04   0.05   0.07  80000    1.0
pdeck_record_matrix[9,11]    0.04  5.4e-5   0.02   0.02   0.03   0.04   0.05   0.08  80000    1.0
pdeck_record_matrix[10,11]   0.04  5.0e-5   0.01   0.01   0.03   0.04   0.05   0.07  80000    1.0
pdeck_record_matrix[11,11]   0.03  4.5e-5   0.01   0.01   0.02   0.03   0.04   0.06  80000    1.0
pdeck_record_matrix[12,11]   0.03  4.5e-5   0.01   0.01   0.02   0.03   0.04   0.06  80000    1.0
pdeck_record_matrix[13,11]   0.03  4.6e-5   0.01   0.01   0.02   0.03   0.04   0.06  80000    1.0
pdeck_record_matrix[14,11]   0.18  1.1e-4   0.03   0.12   0.16   0.18    0.2   0.24  80000    1.0
pdeck_record_matrix[0,12]    0.14  8.9e-5   0.03   0.09   0.12   0.13   0.15   0.19  80000    1.0
pdeck_record_matrix[1,12]     0.1  7.7e-5   0.02   0.06   0.08    0.1   0.11   0.15  80000    1.0
pdeck_record_matrix[2,12]    0.08  6.9e-5   0.02   0.04   0.06   0.08   0.09   0.12  80000    1.0
pdeck_record_matrix[3,12]    0.07  6.6e-5   0.02   0.04   0.06   0.07   0.08   0.11  80000    1.0
pdeck_record_matrix[4,12]    0.06  6.2e-5   0.02   0.03   0.05   0.06   0.07    0.1  80000    1.0
pdeck_record_matrix[5,12]    0.06  5.9e-5   0.02   0.03   0.04   0.06   0.07   0.09  80000    1.0
pdeck_record_matrix[6,12]    0.05  5.6e-5   0.02   0.02   0.04   0.05   0.06   0.09  80000    1.0
pdeck_record_matrix[7,12]    0.05  5.7e-5   0.02   0.03   0.04   0.05   0.06   0.09  80000    1.0
pdeck_record_matrix[8,12]    0.04  5.1e-5   0.01   0.02   0.03   0.04   0.05   0.07  80000    1.0
pdeck_record_matrix[9,12]    0.04  5.1e-5   0.01   0.02   0.03   0.04   0.05   0.07  80000    1.0
pdeck_record_matrix[10,12]   0.04  4.7e-5   0.01   0.01   0.03   0.03   0.04   0.07  80000    1.0
pdeck_record_matrix[11,12]   0.03  4.4e-5   0.01   0.01   0.02   0.03   0.04   0.06  80000    1.0
pdeck_record_matrix[12,12]   0.03  4.4e-5   0.01   0.01   0.02   0.03   0.04   0.06  80000    1.0
pdeck_record_matrix[13,12]   0.03  4.4e-5   0.01   0.01   0.02   0.03   0.04   0.06  80000    1.0
pdeck_record_matrix[14,12]   0.18  9.9e-5   0.03   0.13   0.16   0.18    0.2   0.24  80000    1.0
pdeck_record_matrix[0,13]    0.14  1.1e-4   0.03   0.08   0.11   0.13   0.15    0.2  80000    1.0
pdeck_record_matrix[1,13]     0.1  9.2e-5   0.03   0.06   0.08    0.1   0.12   0.16  80000    1.0
pdeck_record_matrix[2,13]    0.08  8.0e-5   0.02   0.04   0.06   0.08   0.09   0.13  80000    1.0
pdeck_record_matrix[3,13]    0.07  7.7e-5   0.02   0.04   0.06   0.07   0.09   0.12  80000    1.0
pdeck_record_matrix[4,13]    0.06  7.0e-5   0.02   0.03   0.05   0.06   0.07   0.11  80000    1.0
pdeck_record_matrix[5,13]    0.06  6.4e-5   0.02   0.03   0.04   0.05   0.07    0.1  80000    1.0
pdeck_record_matrix[6,13]    0.05  6.0e-5   0.02   0.02   0.04   0.05   0.06   0.09  80000    1.0
pdeck_record_matrix[7,13]    0.06  6.6e-5   0.02   0.03   0.04   0.05   0.07    0.1  80000    1.0
pdeck_record_matrix[8,13]    0.04  5.7e-5   0.02   0.02   0.03   0.04   0.05   0.08  80000    1.0
pdeck_record_matrix[9,13]    0.04  5.5e-5   0.02   0.02   0.03   0.04   0.05   0.08  80000    1.0
pdeck_record_matrix[10,13]   0.04  5.0e-5   0.01   0.01   0.03   0.03   0.04   0.07  80000    1.0
pdeck_record_matrix[11,13]   0.03  4.9e-5   0.01   0.01   0.02   0.03   0.04   0.06  80000    1.0
pdeck_record_matrix[12,13]   0.03  4.8e-5   0.01   0.01   0.02   0.03   0.04   0.06  80000    1.0
pdeck_record_matrix[13,13]   0.03  4.7e-5   0.01   0.01   0.02   0.03   0.04   0.06  80000    1.0
pdeck_record_matrix[14,13]   0.17  1.2e-4   0.03   0.11   0.15   0.17    0.2   0.25  80000    1.0
pdeck_record_matrix[0,14]    0.13  1.4e-4   0.04   0.07   0.11   0.13   0.16   0.22  80000    1.0
pdeck_record_matrix[1,14]     0.1  1.2e-4   0.03   0.05   0.08    0.1   0.12   0.18  80000    1.0
pdeck_record_matrix[2,14]    0.08  1.0e-4   0.03   0.04   0.06   0.08    0.1   0.15  80000    1.0
pdeck_record_matrix[3,14]    0.07  9.8e-5   0.03   0.03   0.05   0.07   0.09   0.14  80000    1.0
pdeck_record_matrix[4,14]    0.06  8.7e-5   0.02   0.03   0.05   0.06   0.08   0.12  80000    1.0
pdeck_record_matrix[5,14]    0.05  7.7e-5   0.02   0.02   0.04   0.05   0.07   0.11  80000    1.0
pdeck_record_matrix[6,14]    0.05  7.0e-5   0.02   0.02   0.03   0.04   0.06    0.1  80000    1.0
pdeck_record_matrix[7,14]    0.06  8.4e-5   0.02   0.02   0.04   0.05   0.07   0.11  80000    1.0
pdeck_record_matrix[8,14]    0.04  7.0e-5   0.02   0.02   0.03   0.04   0.06   0.09  80000    1.0
pdeck_record_matrix[9,14]    0.04  6.4e-5   0.02   0.01   0.03   0.04   0.05   0.08  80000    1.0
pdeck_record_matrix[10,14]   0.03  5.8e-5   0.02   0.01   0.02   0.03   0.04   0.07  80000    1.0
pdeck_record_matrix[11,14]   0.03  5.8e-5   0.02   0.01   0.02   0.03   0.04   0.07  80000    1.0
pdeck_record_matrix[12,14]   0.03  5.7e-5   0.02   0.01   0.02   0.03   0.04   0.07  80000    1.0
pdeck_record_matrix[13,14]   0.03  5.4e-5   0.02 9.5e-3   0.02   0.03   0.04   0.07  80000    1.0
pdeck_record_matrix[14,14]   0.17  1.6e-4   0.05   0.09   0.14   0.17    0.2   0.27  80000    1.0
pwin_deck[0]                  0.5  9.6e-5   0.03   0.45   0.48    0.5   0.52   0.55  80000    1.0
pwin_deck[1]                  0.5  1.0e-4   0.03   0.44   0.48    0.5   0.52   0.56  80000    1.0
pwin_deck[2]                  0.5  1.1e-4   0.03   0.44   0.48    0.5   0.52   0.56  80000    1.0
pwin_deck[3]                  0.5  1.1e-4   0.03   0.44   0.48    0.5   0.52   0.56  80000    1.0
pwin_deck[4]                  0.5  1.1e-4   0.03   0.44   0.48    0.5   0.52   0.56  80000    1.0
pwin_deck[5]                 0.51  1.1e-4   0.03   0.45   0.49   0.51   0.53   0.57  80000    1.0
pwin_deck[6]                 0.51  1.1e-4   0.03   0.45   0.49   0.51   0.53   0.57  80000    1.0
pwin_deck[7]                 0.49  1.1e-4   0.03   0.43   0.47   0.49   0.51   0.55  80000    1.0
pwin_deck[8]                 0.49  1.1e-4   0.03   0.43   0.47   0.49   0.51   0.56  80000    1.0
pwin_deck[9]                  0.5  1.1e-4   0.03   0.44   0.48    0.5   0.53   0.57  80000    1.0
pwin_deck[10]                0.51  1.1e-4   0.03   0.45   0.49   0.51   0.53   0.57  80000    1.0
pwin_deck[11]                 0.5  1.1e-4   0.03   0.43   0.47    0.5   0.52   0.56  80000    1.0
pwin_deck[12]                 0.5  1.1e-4   0.03   0.43   0.48    0.5   0.52   0.56  80000    1.0
pwin_deck[13]                 0.5  1.1e-4   0.03   0.44   0.48    0.5   0.52   0.57  80000    1.0
pwin_deck[14]                 0.5  8.7e-5   0.02   0.46   0.49    0.5   0.52   0.55  80000    1.0
lp__                       -766.7    0.04   7.93 -783.2 -771.8 -766.3 -761.1 -752.1  31786    1.0

Samples were drawn using NUTS at Thu Aug 30 15:30:18 2018.
For each parameter, n_eff is a crude measure of effective sample size,
and Rhat is the potential scale reduction factor on split chains (at 
convergence, Rhat=1).
